tree
version=v4
num_class=1
num_tree_per_iteration=1
label_index=0
max_feature_idx=14
objective=binary sigmoid:1
feature_names=BAREI SEIBETSU_CODE BATAIJU BATAIJU_DIFF FUTAN_JURYO TANSHO_NINKIJUN chaku3mean ninki3mean chaku_std3 rentai_rate3 KISHU_CODE_te CHOKYOSHI_CODE_te WAKUBAN_te KISHU_CODE_3chaku_mean CHOKYOSHI_CODE_3chaku_mean
feature_infos=[3:11] [1:3] [0:606] [-542:556] [490:620] [0:18] [1:99] [0:99] [0:99] [0:1] [0:0.75] [0:0.66666666666666663] [0.17853839037927843:0.46153846153846156] [1:99] [1:99]
tree_sizes=2327 2369

Tree=0
num_leaves=24
num_cat=0
split_feature=13 6 5 5 14 6 6 6 6 14 6 5 5 6 10 6 11 11 2 2 2 14 2
split_gain=2598.98 861.113 613.139 553.633 338.705 107.307 97.0591 160.639 189.641 46.9257 41.9264 15.3843 20.8311 11.2991 8.62797 4.95008 3.36498 9.78564 3.42797 2.37052 1.14829 1.07759 0.0682212
threshold=7.8307915207386207 3.3758507297179787 10.500000000000002 4.5000000000000009 6.7801212292975741 2.1885526062432117 1.974186109955623 2.7349885953140753 3.9782561389818034 3.1991169964106505 2.9471444307141614 13.500000000000002 10.500000000000002 4.4516075726984488 0.14672288584322221 2.618371410551307 0.22414685333581966 0.32186143838235731 472.0004540764366 469.96210541693665 476.85847325574719 8.8750757256784887 510.76800895469717
decision_type=2 2 2 2 2 2 2 2 2 2 2 2 2 2 2 2 2 2 2 2 2 2 2
left_child=2 -2 3 5 14 -1 -5 -8 -9 -10 -4 12 21 15 20 -7 18 19 -16 -18 -3 -6 -20
right_child=1 4 10 6 11 13 7 8 9 -11 -12 -13 -14 -15 16 -17 17 -19 22 -21 -22 -23 -24
leaf_value=0.059600443951165372 0.057857142857142857 -0.022794759825327509 0.044999999999999998 0.057073170731707312 -0.039323076923076919 0.057018633540372669 0.057288135593220338 0.054432989690721648 0.033913043478260865 -0.0097527617043661231 -0.034765506807866865 -0.059407407407407409 -0.057708049113233281 0.033940904236383053 -0.0093877551020408161 0.038975741239892184 -0.012 -0.033999999999999996 0.0030379746835443038 -0.00037267080745341611 -0.012 -0.046588824020016677 0
leaf_weight=224.25 83 56.25 4.9999999999999991 29.75 161.5 39.25 43.25 47.5 22 474.25 164.25 201.5 182.25 701.25 35.75 91.75 34 13.999999999999998 38.5 39.25 34 298.75 7.9999999999999991
leaf_count=897 332 225 20 119 646 157 173 190 88 1897 657 806 729 2805 143 367 136 56 154 157 136 1195 32
internal_value=-7.42513e-05 -0.0346916 0.0222132 0.0277288 -0.0417244 0.0409078 0.00507487 0.00229592 -0.00212024 -0.00769231 -0.0319824 -0.0509467 -0.0481585 0.0357696 -0.0115628 0.045 -0.00721408 -0.0113881 -0.00234234 -0.00626263 -0.0192329 -0.0441951 0.00252632
internal_weight=3029.25 1186.75 1842.5 1673.25 1103.75 1056.5 616.75 587 543.75 496.25 169.25 844 642.5 832.25 259.75 131 169.5 87.25 82.25 73.25 90.25 460.25 46.5
internal_count=12117 4747 7370 6693 4415 4226 2467 2348 2175 1985 677 3376 2570 3329 1039 524 678 349 329 293 361 1841 186
is_linear=0
shrinkage=0.03


Tree=1
num_leaves=21
num_cat=0
split_feature=13 6 6 5 5 8 6 8 5 5 8 14 5 14 14 14 14 8 10 8
split_gain=2231.31 892.731 562.002 259.867 579.782 129.542 601.796 126.508 123.919 233.631 110.195 108.278 41.5176 15.8361 100.34 11.164 10.0831 13.4413 7.9674 1.94368
threshold=7.6677193998718041 3.501312798216067 2.3820508069164394 12.500000000000002 6.5000000000000009 44.666513651743067 3.6519233526576595 46.941413298939402 13.500000000000002 8.5000000000000018 0.20674047865769105 7.664218852851481 3.5000000000000004 2.1164570935915532 5.9297967857240126 8.9559524763243434 6.6140820797074484 1.1741667250589216 0.29732018802190713 0.33348531213485094
decision_type=2 2 2 2 2 2 2 2 2 2 2 2 2 2 2 2 2 2 2 2
left_child=2 -2 -1 4 5 6 -4 -3 9 12 -8 16 -9 -7 -15 -5 18 -18 -6 -13
right_child=1 7 3 15 11 13 10 8 -10 -11 -12 19 -14 14 -16 -17 17 -19 -20 -21
leaf_value=0.057997749624641319 0.056458161640774711 -0.056322729233532529 0.054044982197662211 -0.027051328906983824 0.0071914659354030902 0.055472016410969396 -0.059420922191308269 0.0011755478832988697 -0.05625451922607097 -0.048833305600492302 0.0047670346156706992 -0.040399491859191228 -0.019206830854213604 0.043379619766288131 0.021653811833164213 -0.053967191429378607 -0.032835529818252746 -0.00092105816568396599 -0.0098107601127004323 -0.028837288118321158
leaf_weight=304.48645938932896 93.922102361917496 296.091104850173 122.68193671107292 41.237488344311714 120.97479985654354 32.740570351481438 82.234148532152176 136.70733286440372 166.86547431349754 260.5992746502161 32.492474317550659 46.990108236670494 247.1697663217783 384.15428520739079 404.91197639703751 34.739502847194672 16.74624927341938 42.496206313371658 28.996871903538704 130.98630858957767
leaf_count=1219 376 1185 491 165 484 131 329 547 668 1043 130 188 989 1537 1620 139 67 170 116 524
internal_value=-4.22004e-05 -0.031793 0.0208268 0.0133395 0.0162031 0.0276899 0.00796195 -0.0393489 -0.0330558 -0.026925 -0.0410985 -0.0151338 -0.0118861 0.0333359 0.0323104 -0.0402892 -0.000332444 -0.0108357 0.00366218 -0.0322663
internal_weight=3028.22 1201.36 1826.87 1522.38 1446.41 1059.22 237.409 1107.43 811.342 644.476 114.727 387.191 383.877 821.807 789.066 75.977 209.214 59.2425 149.972 177.976
internal_count=12118 4808 7310 6091 5787 4238 950 4432 3247 2579 459 1549 1536 3288 3157 304 837 237 600 712
is_linear=0
shrinkage=0.03


end of trees

feature_importances:
chaku3mean=11
TANSHO_NINKIJUN=9
CHOKYOSHI_CODE_3chaku_mean=8
chaku_std3=5
BATAIJU=4
KISHU_CODE_te=2
CHOKYOSHI_CODE_te=2
KISHU_CODE_3chaku_mean=2

parameters:
[boosting: gbdt]
[objective: binary]
[metric: binary_logloss,auc,average_precision]
[tree_learner: serial]
[device_type: cpu]
[data_sample_strategy: bagging]
[data: ]
[valid: ]
[num_iterations: 200]
[learning_rate: 0.03]
[num_leaves: 63]
[num_threads: 4]
[seed: 42]
[deterministic: 1]
[force_col_wise: 0]
[force_row_wise: 0]
[histogram_pool_size: -1]
[max_depth: 7]
[min_data_in_leaf: 10]
[min_sum_hessian_in_leaf: 0.001]
[bagging_fraction: 0.8]
[pos_bagging_fraction: 1]
[neg_bagging_fraction: 1]
[bagging_freq: 1]
[bagging_seed: 400]
[bagging_by_query: 0]
[feature_fraction: 0.9]
[feature_fraction_bynode: 1]
[feature_fraction_seed: 30056]
[extra_trees: 1]
[extra_seed: 12879]
[early_stopping_round: 0]
[early_stopping_min_delta: 0]
[first_metric_only: 0]
[max_delta_step: 0]
[lambda_l1: 1]
[lambda_l2: 1]
[linear_lambda: 0]
[min_gain_to_split: 0.01]
[drop_rate: 0.1]
[max_drop: 50]
[skip_drop: 0.5]
[xgboost_dart_mode: 0]
[uniform_drop: 0]
[drop_seed: 17869]
[top_rate: 0.2]
[other_rate: 0.1]
[min_data_per_group: 100]
[max_cat_threshold: 32]
[cat_l2: 10]
[cat_smooth: 10]
[max_cat_to_onehot: 4]
[top_k: 20]
[monotone_constraints: ]
[monotone_constraints_method: basic]
[monotone_penalty: 0]
[feature_contri: ]
[forcedsplits_filename: ]
[refit_decay_rate: 0.9]
[cegb_tradeoff: 1]
[cegb_penalty_split: 0]
[cegb_penalty_feature_lazy: ]
[cegb_penalty_feature_coupled: ]
[path_smooth: 0]
[interaction_constraints: ]
[verbosity: -1]
[saved_feature_importance_type: 0]
[use_quantized_grad: 0]
[num_grad_quant_bins: 4]
[quant_train_renew_leaf: 0]
[stochastic_rounding: 1]
[linear_tree: 0]
[max_bin: 255]
[max_bin_by_feature: ]
[min_data_in_bin: 3]
[bin_construct_sample_cnt: 200000]
[data_random_seed: 175]
[is_enable_sparse: 1]
[enable_bundle: 1]
[use_missing: 1]
[zero_as_missing: 0]
[feature_pre_filter: 1]
[pre_partition: 0]
[two_round: 0]
[header: 0]
[label_column: ]
[weight_column: ]
[group_column: ]
[ignore_column: ]
[categorical_feature: ]
[forcedbins_filename: ]
[precise_float_parser: 0]
[parser_config_file: ]
[objective_seed: 16083]
[num_class: 1]
[is_unbalance: 0]
[scale_pos_weight: 1]
[sigmoid: 1]
[boost_from_average: 1]
[reg_sqrt: 0]
[alpha: 0.9]
[fair_c: 1]
[poisson_max_delta_step: 0.7]
[tweedie_variance_power: 1.5]
[lambdarank_truncation_level: 30]
[lambdarank_norm: 1]
[label_gain: ]
[lambdarank_position_bias_regularization: 0]
[eval_at: ]
[multi_error_top_k: 1]
[auc_mu_weights: ]
[num_machines: 1]
[local_listen_port: 12400]
[time_out: 120]
[machine_list_filename: ]
[machines: ]
[gpu_platform_id: -1]
[gpu_device_id: -1]
[gpu_use_dp: 0]
[num_gpu: 1]

end of parameters

pandas_categorical:[]
