tree
version=v4
num_class=1
num_tree_per_iteration=1
label_index=0
max_feature_idx=24
objective=binary sigmoid:1
feature_names=BAREI SEIBETSU_CODE BATAIJU BATAIJU_DIFF FUTAN_JURYO FUTAN_JURYO_DIFF KISHU_CODE CHOKYOSHI_CODE KYORI TRACK_CODE SHUSSO_TOSU KISHU_3IN_RATE CHOKYOSHI_3IN_RATE UMA_5R_3IN_RATE RACE_KANKAKU SHUSSO_KAISU TENKO_JOTAI_GENZAI BABA_JOTAI_SHIBA_GENZAI BABA_JOTAI_DIRT_GENZAI COURSE_3IN_RATE COURSE_CHAKUJUN_MEAN KYORI_3IN_RATE KYORI_CHAKUJUN_MEAN ZEN_5R_CHAKUJUN_SLOPE ZEN_5R_BATAIJU_SLOPE
feature_infos=[2:12] [0:2] [0:999] [-556:556] [480:650] [-80:80] [0:224] [0:245] [0:4100] [0:56] [0:23] [0:1] [0:1] [0:18] [0:818] [0:38] none none none [0:1] [0:18] [0:1] [0:18] [-17:17] [-538:514]
tree_sizes=6793 6075

Tree=0
num_leaves=63
num_cat=0
split_feature=21 13 22 12 11 11 11 10 10 10 23 11 11 0 11 11 11 10 22 12 23 12 0 12 12 12 12 11 0 0 12 12 23 6 10 19 19 10 10 10 19 10 23 4 4 11 11 5 0 10 4 10 12 12 22 7 23 22 1 6 0 22
split_gain=3613.16 2976.36 596.148 533.876 444.517 329.652 355.426 312.398 209.822 158.778 117.103 116.726 110.546 109.788 90.6714 85.5761 57.9458 52.2281 49.6026 45.8471 99.4237 74.5279 48.3584 45.5338 43.4362 55.6513 32.9243 31.5792 30.4724 36.2109 29.6402 53.8528 21.4738 20.2324 19.7514 19.6131 19.4308 19.0733 18.3913 15.4895 14.2364 14.0772 13.9833 12.4579 10.7131 10.2122 46.0759 9.19362 8.28536 8.00061 7.51856 7.50789 6.79674 5.41262 19.3821 5.16516 3.90075 3.87596 3.59577 2.63766 1.79218 1.65614
threshold=0.13396188742855428 6.9891640479504966 4.2358130117389239 0.25629050973845463 0.21371954407612678 0.4615703477936457 0.16828539996856831 15.68608417666591 14.864604831331492 15.000719596707187 0.58279616111428501 0.16933504339285535 0.38583805556757839 4.9397849000791298 0.23210518384569021 0.33501898758454912 0.40733044967563237 11.492944415001764 0.94400612878959089 0.44624076488483272 -0.22340852797413777 0.22953033907970979 4.3265497198349765 0.19997170429447594 0.30612531211975963 0.21485989152892565 0.30240726865594636 0.34845935394412497 4.2480051329691895 4.8208727417562223 0.31619100209253664 0.17337186897880544 -1.1272586287721258 91.002535908304353 14.340838320022163 0.24627213757697344 0.34623753282920949 14.45303749051803 14.670724396521409 13.60631723489405 0.26879133795778798 13.458078074408974 4.0154649324985643 575.00179180192208 555.31822805612478 0.21443517849716551 0.28284706264106674 11.259955949223775 3.110427304288891 11.825666052979081 575.40331888716935 13.786336745418337 0.27089643711749162 0.47621068801034849 0.38509694766763297 165.98751798728924 -1.0159037571040175e-16 2.2500889098364039 0.94567145557192289 99.047544366121016 3.9869448933785168 5.2932165599550718
decision_type=2 2 2 2 2 2 2 2 2 2 2 2 2 2 2 2 2 2 2 2 2 2 2 2 2 2 2 2 2 2 2 2 2 2 2 2 2 2 2 2 2 2 2 2 2 2 2 2 2 2 2 2 2 2 2 2 2 2 2 2 2 2
left_child=1 3 10 7 17 6 23 12 30 45 13 35 14 15 55 18 33 -5 -2 20 22 28 -4 37 25 -10 39 38 60 -30 31 -8 -26 -13 -20 59 48 44 -12 -19 42 -21 -11 -28 -3 -6 -47 49 -23 -7 -18 -24 -17 54 -25 -1 -43 -15 -16 -9 -22 -32
right_child=2 5 19 4 9 47 8 11 24 40 27 16 -14 57 58 52 50 26 34 41 21 36 51 53 32 -27 43 -29 29 -31 61 -33 -34 -35 -36 -37 -38 -39 -40 -41 -42 56 -44 -45 -46 46 -48 -49 -50 -51 -52 -53 -54 -55 -56 -57 -58 -59 -60 -61 -62 -63
leaf_value=-0.66982721505565113 -0.60553538374787408 -0.71323123071025141 -0.63899301044751655 -0.65056925132472876 -0.6845386569310089 -0.63465886625951151 -0.69247147042967039 -0.69925916250934717 -0.70699194892327144 -0.65308479581719192 -0.63915464913772491 -0.67135000381876764 -0.63728282065107222 -0.63704355321743489 -0.64876957446617489 -0.62745019172572247 -0.64839098599375167 -0.6629245798671084 -0.62804611811151045 -0.62389677278859434 -0.66299275801021451 -0.64977335161671668 -0.64830964131162172 -0.70777725279246784 -0.66893976961730228 -0.69102774211924112 -0.66478907987309999 -0.63252961798454699 -0.62124004538011901 -0.69357100644796754 -0.66320468364863328 -0.67379596596753744 -0.68922648892380634 -0.68229585930612446 -0.63671427234989209 -0.6424063288376094 -0.625812751968157 -0.71961742209514479 -0.65248964424493283 -0.68315467827619913 -0.63336448590723871 -0.63946874301222323 -0.69251183815360939 -0.68461042585014398 -0.69724604506202037 -0.64892075860702536 -0.63665789348589208 -0.67322667227130628 -0.65985726457997484 -0.65362669869908741 -0.68758693346321043 -0.66346910742435317 -0.61878983865554982 -0.67502449214598537 -0.69564070923442756 -0.66204357402257641 -0.66275564545199395 -0.6472156418802415 -0.65646810335162287 -0.6931471805599454 -0.67295795392197089 -0.67163603675581574
leaf_weight=550.13947387039661 74.370314508676529 89.748841926455498 419.96943216025829 133.74737705290318 6.3717792034149161 55.169632539153099 190.77314423024654 147.57668843865395 364.44932149350643 1174.6668156534433 224.7864715307951 377.72331668436527 218.71169301867485 132.64260546863079 341.59489126503468 253.28943720459938 89.178085505962372 42.160123139619827 626.73753292858601 69.84475202858448 87.72835810482502 160.49727509915829 64.762577399611473 245.58302870392799 59.645126715302467 418.88807478547096 415.11305813491344 296.11622701585293 5.6324472427368155 90.237015143036842 148.85637509822845 547.20474301278591 236.33926601707935 285.17028222978115 711.30471159517765 5.1132243275642386 22.824676483869553 285.16752107441425 261.04608325660229 232.60310380160809 42.68357241153717 32.864178970456123 9.7425017952918989 36.562951952219009 75.196456030011177 383.7197383493185 1802.9005659073591 18.263837948441505 326.98398435115814 85.767860502004623 6.8162236511707297 130.29553645849228 1230.2482084929943 5.2606680840253821 242.26026123762131 139.07648406922817 25.674062982201576 242.71169319748878 198.17133817076683 127.35446606576443 67.757294476032257 83.539298728108406
leaf_count=1617 107 354 938 333 20 116 659 534 1382 3005 502 1123 479 289 839 498 217 116 1244 130 243 397 157 936 173 1434 1172 617 8 315 414 1658 799 919 1553 10 42 1164 663 754 88 72 33 119 269 944 3937 54 886 219 22 363 2184 15 856 383 70 587 521 443 203 248
internal_value=-0.655443 -0.666304 -0.636076 -0.655089 -0.648652 -0.690394 -0.692649 -0.666195 -0.685627 -0.643792 -0.630067 -0.678816 -0.657175 -0.627506 -0.660782 -0.625474 -0.67271 -0.668046 -0.63108 -0.652308 -0.654037 -0.661482 -0.644931 -0.707869 -0.694703 -0.698425 -0.671359 -0.640889 -0.675189 -0.688933 -0.675509 -0.678576 -0.68497 -0.67599 -0.632586 -0.695268 -0.654838 -0.714804 -0.64616 -0.679843 -0.652614 -0.63445 -0.653383 -0.666305 -0.706193 -0.63889 -0.638775 -0.648465 -0.656394 -0.645631 -0.650779 -0.65808 -0.620203 -0.701446 -0.701829 -0.66817 -0.648496 -0.643402 -0.651468 -0.69654 -0.666987 -0.666002
internal_weight=15477.3 9919.01 5558.32 6766.9 4280.27 3152.11 2992.91 2486.63 2049.7 3420.08 4053.25 1038.93 1447.69 3271.3 1228.98 2895.95 758.888 860.187 1412.41 1505.07 1376.69 761.661 615.028 943.217 1079.32 783.337 726.439 781.949 251.355 95.8695 970.374 737.978 295.984 662.894 1338.04 280.044 510.306 450.113 485.833 274.763 1227.09 128.383 1184.41 451.676 164.945 2192.99 2186.62 159.201 487.481 140.937 95.9943 195.058 1483.54 493.104 487.843 689.216 58.5382 375.354 539.766 274.931 155.486 232.396
internal_count=40446 28378 12068 17628 10521 10750 10361 7107 6767 8027 8244 3268 3839 6462 3360 5586 2281 2494 2904 3824 3552 2094 1458 3594 3788 2816 2161 1782 769 323 2979 2317 972 2042 2797 987 1325 1787 1165 870 3126 272 3038 1291 623 4901 4881 389 1283 335 239 520 2682 1807 1792 2000 142 876 1360 977 446 662
is_linear=0
shrinkage=1


Tree=1
num_leaves=56
num_cat=0
split_feature=21 13 11 11 11 23 11 15 11 12 0 0 1 12 13 14 12 23 13 23 12 19 11 12 0 11 0 12 19 12 0 9 1 0 12 12 6 19 14 1 1 0 12 2 11 12 6 14 23 0 19 12 12 1 9
split_gain=2490.97 2524.17 772.716 605.707 434.497 411.373 613.58 217.135 194.886 193.912 184.274 131.356 114.78 61.2006 55.7638 67.7976 89.1724 54.0662 49.0945 44.9505 44.2804 44.0191 39.4778 34.5297 31.8507 31.0859 30.3949 29.728 27.1967 24.3067 21.6462 21.5946 17.8725 17.4292 16.9556 16.814 16.3917 14.8022 24.1027 16.4704 14.6047 11.6317 11.1754 9.68129 8.62515 7.74782 4.45451 3.90716 3.47349 3.03502 2.24084 1.80708 4.01608 1.20622 0.272068
threshold=0.40538390622227294 6.1002662473278155 0.17407525113650499 0.38583805556757839 0.16320867537534992 -4.8204316688082248e-17 0.26826342401183473 1.0559082090916185 0.21371954407612678 0.22353224463724539 3.8317533558387238 3.9329622564607729 0.86521386132993872 0.12123679283880864 4.0599797843300136 24.986245414696015 0.26959596168648797 -1.0378611742272919e-15 4.2392824095236969 3.9366103764368674 0.32316127056119243 0.35881723701363971 0.21144774378920228 0.22953033907970979 3.97685794825524 0.30055405641687999 2.9126567505570038 0.28452298528927161 0.59609942756726508 0.16001840805801334 2.9352843601295251 18.332119346363623 0.9251528497431688 2.8132276005272017 0.16001840805801334 0.18780258056553165 12.01412921197643 0.026735055270931122 106.18857803227624 0.88708915510584019 0.41847922142209226 3.9999589919647889 0.38233133493214466 423.98548859468121 0.3933103219103275 0.29052309673265736 36.057444516794817 54.99843431563388 0.19999999999999904 3.9329622564607729 0.519608516024609 0.30000934340215785 0.42593497777275807 0.5199210824530488 18.517075555898348
decision_type=2 2 2 2 2 2 2 2 2 2 2 2 2 2 2 2 2 2 2 2 2 2 2 2 2 2 2 2 2 2 2 2 2 2 2 2 2 2 2 2 2 2 2 2 2 2 2 2 2 2 2 2 2 2 2
left_child=1 2 14 4 17 22 13 27 18 19 12 -10 -8 53 15 16 28 23 45 -9 35 30 -4 43 44 -13 -15 29 -1 -6 -20 -25 -22 -18 -12 -19 41 38 39 -16 -29 -5 -11 -3 -24 -2 -27 -26 -40 -23 -39 -38 -53 -7 -47
right_child=8 3 5 36 7 6 10 9 11 42 34 25 -14 26 37 -17 33 20 21 -21 32 49 24 31 47 46 -28 40 -30 -31 -32 -33 -34 -35 -36 -37 51 50 48 -41 -42 -43 -44 -45 -46 54 -48 -49 -50 -51 -52 52 -54 -55 -56
leaf_value=-0.002975114729387651 0.04530316525252516 -0.032964811721195912 0.043320991503753167 0.057238230794975482 -0.020074184064846807 -0.0051091445584076321 0.056238561166530504 0.0080520650569922587 0.0638016762163479 0.02417335941125752 0.02039853248016012 0.043850495106943409 0.042146293011656295 0.031906987420310937 0.032600697699298874 0.034219004903069658 0.034727843996291044 -0.024054627764354096 0.053939961518496997 -0.019772254097753079 0.017605273687023665 0.063595479300861388 0.059845311521658465 -0.0045361711031804523 0.055464167319235091 0.061675187743912875 0.021453867938752581 0.01212287002128766 0.053386279042553914 -0.0029467214366107595 0.028153782340914486 0.019047777121426225 -0.0092702297291634376 0.016052414371986155 0.036507829672163566 -0.013387901058621393 0.032977871405922225 0.069449544918443795 0 0.017452361776047157 -0.0019329097938743864 0.036488157670976178 0.034774227759031523 -0.0066093187810029154 0.068743420527637794 0.049118860421736223 0.05297931494272818 0.045945287459012288 -0.030839570595259696 0.039203670794940429 0.028853907899135792 0.044158658821196427 0.028482719098520636 0.0016234000219865028 0.060436029610879002
leaf_weight=367.91090179979801 248.38731732964516 13.316451594233511 182.2133007645607 101.63734729588032 101.60423558950424 40.980429872870445 1478.2063644528389 739.41109548509121 2135.4973639249802 1063.0696627348661 76.996523588895798 417.07613378763199 871.25547310709953 372.62711672484875 172.34916906058788 99.49544669687748 66.765353292226791 264.68572306632996 36.308850824832916 54.732372835278511 44.83139756321907 51.21551014482975 496.11537232995033 52.444451525807381 325.99258820712566 168.6963222026825 962.1012876778841 140.2139338850975 6.8360285758972159 296.17574900388718 328.63361272215843 92.562442317605019 41.000660717487335 187.94435496628284 893.52179557085037 320.90338361263275 171.40293575823307 9.0355431288480776 10.711098954081534 129.44649878144264 119.39320504665375 57.061901420354843 120.04686738550663 202.29484522342682 325.08720347285271 93.209959015250206 686.46160934865475 151.57383017241955 4.239440292119979 21.548779308795929 8.1439423561096174 128.45164981484413 40.306849300861359 45.868251204490662 115.37738198041916
leaf_count=1296 580 58 441 210 402 146 3108 2422 4063 3063 225 993 2116 1001 462 262 174 1075 76 216 137 96 1002 188 690 328 2816 444 13 1046 902 279 152 574 2280 1217 457 14 37 392 418 145 314 738 585 208 1482 353 19 52 21 307 110 155 228
internal_value=0.0363666 0.0290443 0.0396953 0.0104038 0.00616907 0.0437362 0.0393868 0.0126364 0.0558368 0.017602 0.0464588 0.0591488 0.0510456 0.0228284 0.0159911 0.0112418 0.00751383 -0.0103083 0.0431364 0.00607423 -0.0153372 0.0355307 0.0576051 -0.000845799 0.0595512 0.0512711 0.0244163 -0.00225731 -0.0017278 -0.00743616 0.0309417 0.0103401 0.00446285 0.0211817 0.035283 -0.0182932 0.0413951 0.0262046 0.0244088 0.0262814 0.0055609 0.0502404 0.0253028 -0.00852024 0.0634836 0.0502624 0.0547998 0.052608 -0.0107899 0.0574081 0.0545011 0.0370453 0.0407811 -0.00123392 0.0557804
internal_weight=15753.4 11451 7285.42 4165.55 3666.69 6222.54 4741.56 2634.65 4302.41 1977.26 3319.98 3407.73 2349.46 1421.58 1062.88 728.952 629.457 1032.04 894.681 794.143 671.421 437.707 1480.98 360.618 1298.77 1272.23 1334.73 657.387 374.747 397.78 364.942 145.007 85.8321 254.71 970.518 585.589 498.861 333.926 316.746 301.796 259.607 158.699 1183.12 215.611 821.203 456.975 855.158 477.566 14.9505 72.7643 17.1795 340.161 168.758 86.8487 208.587
internal_count=40588 31580 18182 13398 12169 14918 11847 8325 9008 6015 7729 6866 5224 4118 3264 2319 2057 3844 2142 2638 2581 1126 3071 1263 2630 2803 3817 2310 1309 1448 978 467 289 748 2505 2292 1229 945 910 854 862 355 3377 796 1587 1016 1810 1043 56 148 35 874 417 301 436
is_linear=0
shrinkage=0.03


end of trees

feature_importances:
CHOKYOSHI_3IN_RATE=24
KISHU_3IN_RATE=19
BAREI=14
SHUSSO_TOSU=11
ZEN_5R_CHAKUJUN_SLOPE=9
COURSE_3IN_RATE=7
SEIBETSU_CODE=6
KYORI_CHAKUJUN_MEAN=5
KISHU_CODE=4
UMA_5R_3IN_RATE=4
FUTAN_JURYO=3
RACE_KANKAKU=3
TRACK_CODE=2
KYORI_3IN_RATE=2
BATAIJU=1
FUTAN_JURYO_DIFF=1
CHOKYOSHI_CODE=1
SHUSSO_KAISU=1

parameters:
[boosting: gbdt]
[objective: binary]
[metric: binary_logloss,auc,average_precision]
[tree_learner: serial]
[device_type: cpu]
[data_sample_strategy: bagging]
[data: ]
[valid: ]
[num_iterations: 200]
[learning_rate: 0.03]
[num_leaves: 63]
[num_threads: 4]
[seed: 42]
[deterministic: 1]
[force_col_wise: 0]
[force_row_wise: 0]
[histogram_pool_size: -1]
[max_depth: 7]
[min_data_in_leaf: 10]
[min_sum_hessian_in_leaf: 0.001]
[bagging_fraction: 0.8]
[pos_bagging_fraction: 1]
[neg_bagging_fraction: 1]
[bagging_freq: 1]
[bagging_seed: 400]
[bagging_by_query: 0]
[feature_fraction: 0.9]
[feature_fraction_bynode: 1]
[feature_fraction_seed: 30056]
[extra_trees: 1]
[extra_seed: 12879]
[early_stopping_round: 0]
[early_stopping_min_delta: 0]
[first_metric_only: 0]
[max_delta_step: 0]
[lambda_l1: 1]
[lambda_l2: 1]
[linear_lambda: 0]
[min_gain_to_split: 0.01]
[drop_rate: 0.1]
[max_drop: 50]
[skip_drop: 0.5]
[xgboost_dart_mode: 0]
[uniform_drop: 0]
[drop_seed: 17869]
[top_rate: 0.2]
[other_rate: 0.1]
[min_data_per_group: 100]
[max_cat_threshold: 32]
[cat_l2: 10]
[cat_smooth: 10]
[max_cat_to_onehot: 4]
[top_k: 20]
[monotone_constraints: ]
[monotone_constraints_method: basic]
[monotone_penalty: 0]
[feature_contri: ]
[forcedsplits_filename: ]
[refit_decay_rate: 0.9]
[cegb_tradeoff: 1]
[cegb_penalty_split: 0]
[cegb_penalty_feature_lazy: ]
[cegb_penalty_feature_coupled: ]
[path_smooth: 0]
[interaction_constraints: ]
[verbosity: -1]
[saved_feature_importance_type: 0]
[use_quantized_grad: 0]
[num_grad_quant_bins: 4]
[quant_train_renew_leaf: 0]
[stochastic_rounding: 1]
[linear_tree: 0]
[max_bin: 255]
[max_bin_by_feature: ]
[min_data_in_bin: 3]
[bin_construct_sample_cnt: 200000]
[data_random_seed: 175]
[is_enable_sparse: 1]
[enable_bundle: 1]
[use_missing: 1]
[zero_as_missing: 0]
[feature_pre_filter: 1]
[pre_partition: 0]
[two_round: 0]
[header: 0]
[label_column: ]
[weight_column: ]
[group_column: ]
[ignore_column: ]
[categorical_feature: ]
[forcedbins_filename: ]
[precise_float_parser: 0]
[parser_config_file: ]
[objective_seed: 16083]
[num_class: 1]
[is_unbalance: 0]
[scale_pos_weight: 3.16825]
[sigmoid: 1]
[boost_from_average: 1]
[reg_sqrt: 0]
[alpha: 0.9]
[fair_c: 1]
[poisson_max_delta_step: 0.7]
[tweedie_variance_power: 1.5]
[lambdarank_truncation_level: 30]
[lambdarank_norm: 1]
[label_gain: ]
[lambdarank_position_bias_regularization: 0]
[eval_at: ]
[multi_error_top_k: 1]
[auc_mu_weights: ]
[num_machines: 1]
[local_listen_port: 12400]
[time_out: 120]
[machine_list_filename: ]
[machines: ]
[gpu_platform_id: -1]
[gpu_device_id: -1]
[gpu_use_dp: 0]
[num_gpu: 1]

end of parameters

pandas_categorical:[]
